1.000000
0.762124
0.160698
-0.518227
-0.949592
-0.925184
-0.455024
0.235472
0.812712
0.995947
0.694467
0.053618
-0.614202
-0.981352
-0.866044
-0.323351
0.379893
0.895526
0.966459
0.555671
-0.133312
-0.756256
-0.999932
-0.740187
-0.106336
0.582056
0.975730
0.873236
0.325047
-0.390028
-0.905844
-0.956435
-0.514018
0.194544
0.803070
0.995078
0.669058
-0.006646
-0.679598
-0.996637
-0.789684
-0.166006
0.546117
0.969505
0.878123
0.318814
-0.411366
-0.922058
-0.938352
-0.449722
0.282027
0.862024
0.975287
0.558609
-0.162855
-0.796121
-0.994139
-0.646691
0.056954
0.729910
0.999954
0.715992
0.033885
-0.667797
-0.997305
-0.768906
-0.108828
0.613135
0.990115
0.807846
0.167677
-0.568371
-0.981569
-0.834995
-0.210590
0.535204
0.974090
0.852128
0.237859
-0.514734
-0.969342
-0.860489
-0.249749
0.507576
0.968252
0.860726
0.246393
-0.513934
-0.971021
-0.852860
-0.227753
0.533626
0.977130
0.836277
0.193628
-0.566065
-0.985329
-0.809767
-0.143725
0.610181
0.993621
0.771585
0.077789
-0.664315
-0.999248
-0.719567
0.004213
0.726069
0.998692
0.651307
-0.101840
-0.792150
-0.987730
-0.564403
0.213879
0.858215
0.961550
0.456796
-0.338004
-0.918774
-0.914989
-0.327207
0.470422
0.967175
0.842897
0.175664
-0.605558
-0.995743
-0.740682
-0.004091
0.735827
0.996126
0.605030
-0.183084
-0.851600
-0.959907
-0.434783
0.378392
0.941447
0.879530
0.231937
-0.570996
-0.992772
-0.749530
-0.002616
0.746710
0.992927
0.568027
-0.242128
-0.888565
-0.930858
-0.338328
0.485957
0.978081
0.799218
0.070390
-0.707589
-0.997352
-0.596802
0.218197
0.882158
0.931940
0.330942
-0.502169
-0.983790
-0.774375
-0.019370
0.749936
0.989435
0.527796
-0.309134
-0.926706
-0.883738
-0.209005
0.616003
0.999490
0.664297
-0.150043
-0.856660
-0.943720
-0.346268
0.503379
0.987033
0.750586
-0.035088
-0.795675
-0.972437
-0.433588
0.425490
0.970780
0.797531
0.032264
-0.757605
-0.983533
-0.475206
0.389100
0.962342
0.812998
0.051459
-0.749497
-0.984504
-0.473952
0.396736
0.966358
0.799956
0.022539
-0.772724
-0.976121
-0.429732
0.447900
0.980700
0.755886
-0.054525
-0.823240
-0.952388
-0.339576
0.538810
0.996364
0.673283
-0.178831
-0.890853
-0.900957
-0.199241
0.660727
0.997238
0.541416
-0.345900
-0.957872
-0.804488
-0.006547
0.797235
0.960463
0.349884
-0.543624
-0.998024
-0.643838
0.233466
0.921439
0.858694
0.094481
-0.747608
-0.977250
-0.404143
0.502062
0.994822
0.665838
-0.214671
-0.917723
-0.858505
-0.084327
0.760755
0.970485
0.367542
-0.544242
-0.999098
-0.612689
0.291066
0.949338
0.803831
-0.024037
-0.832036
-0.931717
-0.236165
0.661832
0.993381
0.472415
-0.455200
-0.991223
-0.671919
0.228734
0.931797
0.826421
0.002199
-0.824493
-0.931966
-0.224402
0.680264
0.988355
0.427401
-0.510516
-0.998397
-0.603640
0.326209
0.967112
0.748407
-0.137206
-0.900935
-0.859561
-0.048146
0.807005
0.937132
0.223229
-0.692573
-0.982860
-0.383186
0.564545
0.999731
0.524830
-0.429155
-0.991538
-0.646466
0.291771
0.962502
0.747657
-0.156792
-0.916960
-0.828971
0.027647
0.859121
0.891733
0.093160
-0.792899
-0.937791
-0.203957
0.721798
0.969312
0.303779
-0.648862
-0.988619
-0.392244
0.576650
0.998047
0.469425
-0.507259
-0.999853
-0.535723
0.442356
0.996130
0.591763
-0.383231
-0.988773
-0.638294
0.330850
0.979441
0.676112
-0.285914
-0.969547
-0.705990
0.248916
0.960258
0.728632
-0.220187
-0.952492
-0.744631
0.199939
0.946933
0.754437
-0.188298
-0.944028
-0.758342
0.185330
0.944004
0.756465
-0.191048
-0.946862
-0.748749
0.205424
0.952380
0.734961
-0.228375
-0.960114
-0.714705
0.259750
0.969385
0.687434
-0.299305
-0.979277
-0.652481
0.346660
0.988630
0.609090
-0.401264
-0.996033
-0.556467
0.462338
0.999830
0.493839
-0.528818
-0.998134
-0.420526
0.599302
0.988850
0.336038
-0.671992
-0.969727
-0.240173
0.744647
0.938429
0.133141
-0.814555
-0.892632
-0.015686
0.878522
0.830165
-0.110781
-0.932907
-0.749172
0.244059
0.973688
0.648319
-0.381051
-0.996593
-0.527024
0.517701
0.997292
0.385703
-0.648974
-0.971664
-0.226030
0.768921
0.916125
0.051164
-0.870843
-0.828036
0.134066
0.947563
0.706146
-0.323072
-0.991841
-0.551067
0.507534
0.996923
0.365713
-0.677613
-0.957206
-0.155676
0.822360
0.869013
-0.070561
-0.930372
-0.731403
0.301624
0.990679
0.546939
-0.523553
-0.993854
-0.322328
0.720471
0.933287
0.068772
-0.875655
-0.806497
0.198061
0.973012
0.616352
-0.458609
-0.998889
-0.371993
0.690603
0.944085
0.089246
-0.870915
-0.805857
0.209702
0.977999
0.589622
-0.497530
-0.994774
-0.310022
0.744024
0.911637
-0.009004
-0.919277
-0.729187
0.335436
0.997652
0.460158
-0.631880
-0.962068
-0.129999
0.859724
0.808019
-0.224355
-0.984470
-0.546549
0.557834
0.981630
0.205376
-0.822682
-0.842301
0.172519
0.975569
0.577292
-0.533273
-0.985496
-0.218653
0.819414
0.841147
-0.182359
-0.979337
-0.556100
0.561377
0.977618
0.170292
-0.850827
-0.804225
0.253482
0.992459
0.480364
-0.638483
-0.950390
-0.058891
0.907637
0.721832
-0.382096
-0.999785
-0.342486
0.752531
0.885354
-0.115907
-0.968858
-0.577472
0.556978
0.974278
0.134748
-0.879191
-0.755967
0.346798
0.999990
0.354069
-0.752806
-0.879144
0.141658
0.977722
0.534665
-0.609188
-0.954036
-0.045300
0.923375
0.675568
-0.463840
-0.990689
-0.206698
0.851484
0.780079
-0.327996
-0.999978
-0.339622
0.774173
0.853821
-0.209053
-0.992158
-0.444184
0.700838
0.903215
-0.111367
-0.976025
-0.522213
0.638313
0.934395
-0.037150
-0.958546
-0.576188
0.591248
0.952500
0.012713
-0.944772
-0.608447
0.562556
0.961266
0.038009
-0.937893
-0.620657
0.553791
0.962808
0.038746
-0.939334
-0.613504
0.565396
0.957525
0.014924
-0.948804
-0.586582
0.596782
0.944085
-0.033467
-0.964287
-0.538459
0.646222
0.919480
-0.106239
-0.981971
-0.466928
0.710586
0.879179
-0.202562
-0.996154
-0.369483
0.784943
0.817437
-0.320327
-0.999228
-0.244035
0.862124
0.727858
-0.455331
-0.981840
-0.089907
0.932349
0.604286
-0.600383
-0.933402
0.090910
0.983127
0.442136
-0.744500
-0.843121
0.292335
0.999647
0.240150
-0.872432
-0.701697
0.502827
0.965953
0.002494
-0.964909
-0.503740
0.704440
0.867135
-0.259110
-0.999993
-0.250795
0.872828
0.692662
-0.523763
-0.955960
0.045471
0.978872
0.440681
-0.761090
-0.815892
0.360723
0.992501
0.122664
-0.933226
-0.573736
0.657253
0.889027
-0.232821
-0.999989
-0.240889
0.886562
0.657586
-0.578996
-0.927626
0.148513
0.996501
0.310232
-0.854498
-0.700435
0.536242
0.943370
-0.111074
-0.993445
-0.332959
0.845478
0.707710
-0.533398
-0.942199
0.121396
0.995271
0.310092
-0.861638
-0.680426
0.570734
0.923638
-0.179266
-0.999492
-0.240603
0.899083
0.614919
-0.644477
-0.880847
0.283017
0.996663
0.122225
-0.947398
-0.503867
0.745597
0.801427
-0.427557
-0.970514
0.046060
0.988725
0.338859
-0.857647
-0.669514
0.601032
0.898997
-0.259822
-0.997312
-0.114931
0.954528
0.469988
-0.780801
-0.757476
0.503591
0.941033
-0.162758
-0.999853
-0.195580
0.930309
0.525457
-0.745188
-0.786872
0.470899
0.950321
-0.143239
-0.999606
-0.197603
0.932775
0.512099
-0.761281
-0.765881
0.507661
0.933217
-0.202177
-0.999176
-0.121079
0.960395
0.428112
-0.824521
-0.688557
0.608545
0.878475
-0.336339
-0.982211
0.035751
0.993233
0.264397
-0.913995
-0.537092
0.754953
0.759446
-0.532940
-0.914393
0.269133
0.991668
0.013156
-0.988088
-0.290619
0.907182
0.541870
-0.758310
-0.748977
0.555385
0.898544
-0.315389
-0.982313
0.056807
0.997285
0.201864
-0.945446
-0.443435
0.833139
0.653095
-0.670207
-0.819174
0.468991
0.933605
-0.243272
-0.992072
0.007260
0.993900
0.225336
-0.941720
-0.442070
0.840961
0.632356
-0.699242
-0.787872
0.525708
0.902772
-0.330363
-0.973727
0.123444
0.999824
0.085134
-0.982331
-0.286244
0.924390
0.471896
-0.830644
-0.635491
0.706842
0.771960
-0.559444
-0.877806
0.395247
0.951068
-0.221049
-0.991216
0.043361
0.998992
0.131826
-0.976217
-0.299211
0.925585
0.454302
-0.850439
-0.593485
0.754566
0.714034
-0.641994
-0.814098
0.516818
0.892643
-0.383049
-0.949376
0.244488
0.984655
-0.104626
-0.999380
-0.033418
0.994897
0.166950
-0.972882
-0.293720
0.935250
0.411926
-0.884060
-0.520200
0.821437
0.617589
-0.749497
-0.703515
0.670298
0.777737
-0.585786
-0.840309
0.497764
0.891533
-0.407870
-0.931913
0.317556
0.962115
-0.228088
-0.982924
0.140539
0.995209
-0.055801
-0.999892
-0.025413
0.997916
0.102549
-0.990228
-0.175204
0.977753
0.243106
-0.961381
-0.306095
0.941960
0.364112
-0.920280
-0.417180
0.897073
0.465385
-0.873008
-0.508867
0.848690
0.547803
-0.824660
-0.582396
0.801398
0.612863
-0.779325
-0.639428
0.758806
0.662311
-0.740154
-0.681721
0.723632
0.697853
-0.709461
-0.710879
0.697818
0.720948
-0.688842
-0.728178
0.682637
0.732658
-0.679273
-0.734444
0.678786
0.733560
-0.681182
-0.729994
0.686434
0.723700
-0.694485
-0.714602
0.705241
0.702589
-0.718577
-0.687523
0.734328
0.669240
-0.752288
-0.647552
0.772210
0.622254
-0.793796
-0.593129
0.816701
0.559953
-0.840522
-0.522506
0.864801
0.480580
-0.889016
-0.433987
0.912584
0.382573
-0.934858
-0.326232
0.955127
0.264919
-0.972620
-0.198663
0.986508
0.127587
-0.995914
-0.051925
0.999922
-0.027967
-0.997593
0.111587
0.987978
-0.198277
-0.970146
0.287209
0.943207
-0.377369
-0.906343
0.467558
0.858845
-0.556386
-0.800147
0.642276
0.729876
-0.723480
-0.647889
0.798094
0.554322
-0.864097
-0.449634
0.919384
0.334649
-0.961826
-0.210590
0.989335
0.079111
-0.999937
0.057690
0.991863
-0.197266
-0.963647
0.336639
0.914224
-0.472437
-0.843042
0.600953
0.750164
-0.718235
-0.636363
0.820202
0.503209
-0.902782
-0.353127
0.962088
0.189432
-0.994602
-0.016325
0.997389
-0.161158
-0.968308
0.337241
0.906229
-0.505564
-0.811235
0.659398
0.684789
-0.791910
-0.529860
0.896486
0.350989
-0.967094
-0.154268
0.998672
-0.052759
-0.987529
0.261316
0.931726
-0.461706
-0.831409
0.643744
0.689074
-0.797279
-0.509713
0.912804
0.300828
-0.982110
-0.072276
0.998954
-0.164067
-0.959700
0.394841
0.863862
-0.605909
-0.714498
0.783235
0.518416
-0.913875
-0.286102
0.987025
0.031380
-0.995056
0.229260
0.934430
-0.477626
-0.806410
0.695068
0.617473
-0.863923
