0.0
0.77075
-0.98201
0.47885
0.37359
-0.95386
0.83715
-0.10742
-0.70153
0.99571
-0.55761
-0.29158
0.92612
-0.8766
0.17821
0.65271
-0.99951
0.60326
0.2425
-0.90789
0.89542
-0.21299
-0.62945
0.99998
-0.61909
-0.22807
0.90378
-0.89743
0.21239
0.63392
-0.99985
0.60639
0.24869
-0.91476
0.88308
-0.1764
-0.66572
0.99794
-0.56411
-0.30376
0.93819
-0.84935
0.10437
0.72179
-0.98918
0.48916
0.39128
-0.96769
0.79016
0.0042951
-0.79584
0.96472
-0.37723
-0.50682
0.99278
-0.69706
-0.14867
0.87743
-0.91241
0.22449
0.64195
-0.99873
0.56086
0.32427
-0.95106
0.81794
-0.029939
-0.7825
0.9671
-0.37416
-0.5204
0.99578
-0.66718
-0.20122
0.90711
-0.87755
0.13507
0.7177
-0.98619
0.45016
0.45399
-0.98713
0.7116
0.14807
-0.88651
0.89569
-0.16661
-0.70039
0.98889
-0.4589
-0.4518
0.9879
-0.70293
-0.16745
0.89867
-0.87989
0.12533
0.73457
-0.97892
0.40131
0.5141
-0.99702
0.63931
0.25854
-0.93819
0.82355
-0.010308
-0.81211
0.94416
-0.27203
-0.63249
0.99719
-0.50904
-0.41543
0.98399
-0.70754
-0.17773
0.91034
-0.85798
0.064383
0.78532
-0.9551
0.29639
0.62015
-0.99764
0.50619
0.42711
-0.98775
0.68455
0.2185
-0.93032
0.82521
0.0058905
-0.83222
0.92482
-0.2005
-0.70153
0.98258
-0.39219
-0.54687
0.99995
-0.56259
-0.37678
0.98008
-0.70711
-0.1993
0.92741
-0.82299
-0.021597
0.84714
-0.90917
0.15025
0.74489
-0.966
0.31135
0.6263
-0.99499
0.45803
0.49674
-0.99851
0.58779
0.36115
-0.97952
0.69917
0.22389
-0.94134
0.79166
0.088609
-0.88741
0.86551
-0.041712
-0.82117
0.92161
-0.16479
-0.74588
0.96128
-0.27899
-0.66453
0.98619
-0.38325
-0.57981
0.99819
-0.47701
-0.49407
0.99923
-0.56015
-0.40928
0.99128
-0.63287
-0.32705
0.97624
-0.69565
-0.24869
0.9559
-0.74914
-0.17519
0.93193
-0.79412
-0.10729
0.90582
-0.83147
-0.045513
0.8789
-0.86205
0.0098173
0.85232
-0.88673
0.058503
0.82708
-0.90634
0.10046
0.80401
-0.92161
0.13568
0.7838
-0.93321
0.16419
0.76698
-0.94171
0.18606
0.75399
-0.94755
0.20135
0.74514
-0.95106
0.21011
0.74062
-0.95245
0.21239
0.74054
-0.95181
0.20819
0.74489
-0.9491
0.1975
0.75359
-0.94416
0.18026
0.76643
-0.9367
0.15643
0.78311
-0.9263
0.12594
0.80321
-0.91246
0.088731
0.82618
-0.89454
0.044777
0.85136
-0.87184
-0.0058905
0.8779
-0.84354
-0.063158
0.90483
-0.8088
-0.12679
0.93099
-0.76675
-0.19641
0.95507
-0.7165
-0.27144
0.97557
-0.65725
-0.35106
0.99084
-0.58828
-0.4342
0.99908
-0.50904
-0.51946
0.99841
-0.41922
-0.60512
0.98685
-0.3188
-0.6891
0.96246
-0.20819
-0.76895
0.92336
-0.088242
-0.84189
0.8679
0.039628
-0.90483
0.79472
0.17338
-0.95445
0.70293
0.3103
-0.9873
0.59224
0.44698
-0.99996
0.46315
0.57931
-0.98918
0.31706
0.70258
-0.95215
0.15643
0.81153
-0.88673
-0.015094
0.9006
-0.79173
-0.19268
0.96414
-0.66718
-0.37029
0.99672
-0.51463
-0.54079
0.99359
-0.33735
-0.69618
0.95106
-0.14054
-0.82791
0.86699
0.068668
-0.92736
0.74128
0.28123
-0.98643
0.57631
0.48648
-0.99819
0.37723
0.67256
-0.95765
0.15219
0.82708
-0.86255
-0.087753
0.93798
-0.71401
-0.32891
0.99454
-0.51715
-0.55557
0.98854
-0.28135
-0.751
0.9154
-0.020247
-0.89867
0.77526
0.24869
-0.98379
0.5738
0.50513
-0.99499
0.32264
0.72729
-0.92598
0.03926
0.89383
-0.77704
-0.2538
0.9861
-0.55608
-0.53043
0.99052
-0.27899
-0.76319
0.90082
0.030797
-0.92612
0.71992
0.34381
-0.99793
0.46097
0.62706
-0.9652
0.14734
0.84747
-0.82521
-0.18883
0.976
-0.58779
-0.50936
0.99193
-0.27581
-0.77425
0.88679
0.076012
-0.94684
0.66718
0.42434
-0.99932
0.35588
0.72221
-0.918
-0.0093265
0.92551
-0.70711
-0.37939
0.99998
-0.39049
-0.70013
0.92782
-0.010308
-0.92022
0.71264
0.37758
-1
0.38144
0.71126
-0.91955
-0.01718
0.93277
-0.68455
-0.41899
0.99882
-0.32821
-0.75399
0.89039
0.091665
-0.95874
0.61909
0.50089
-0.98925
0.22831
0.82152
-0.83181
-0.21191
0.98713
-0.50904
-0.6163
0.95765
-0.079071
-0.9006
0.73073
0.37314
-0.9999
0.34612
0.75165
-0.88491
-0.11888
0.97003
-0.57229
-0.5633
0.97228
-0.12533
-0.88394
0.74914
0.35657
-0.99998
0.34485
0.75881
-0.87518
-0.14867
0.9789
-0.53126
-0.61087
0.95404
-0.047719
-0.92142
0.68141
0.45399
-0.99255
0.22437
0.83976
-0.79613
-0.29908
0.99913
-0.37689
-0.74489
0.87895
0.15401
-0.98254
0.50396
0.64599
-0.93492
-0.023928
0.95106
-0.60639
-0.55025
0.9697
-0.088242
-0.91196
0.68633
0.46304
-0.98889
0.18123
0.87129
-0.74661
-0.38812
0.99755
-0.25487
-0.83385
0.79016
0.32798
-0.99996
0.3096
0.80321
-0.81963
-0.28417
0.99946
-0.34612
-0.78189
0.83715
0.25759
-0.99838
0.36504
0.77145
-0.84413
-0.24869
0.99805
-0.36675
-0.77262
0.84116
0.25759
-0.99877
0.35129
0.78532
-0.82798
-0.28417
0.99983
-0.31834
-0.80866
0.8035
0.32798
-0.99951
0.2673
0.84089
-0.76588
-0.38812
0.99505
-0.1975
-0.8793
0.71264
0.46304
-0.98274
0.10839
0.92008
-0.64092
-0.55025
0.95797
9.7011e-14
-0.95818
0.54779
0.64599
-0.9154
-0.12667
0.9873
-0.43077
-0.74489
0.84935
0.26908
-0.99995
0.28841
0.83976
-0.75432
-0.42256
0.98769
-0.12107
-0.92142
0.62572
0.57981
-0.94175
-0.068179
0.9789
-0.46097
-0.73056
0.85392
0.27274
-0.99998
0.26068
0.86149
-0.71787
-0.48175
0.97228
-0.029939
-0.95676
0.53084
0.67979
-0.88491
-0.22042
0.99923
-0.29556
-0.84721
0.73073
0.47313
-0.97251
0.022088
0.96148
-0.50904
-0.70459
0.86397
0.27085
-0.99977
0.22831
0.88628
-0.66837
-0.55557
0.94274
0.091665
-0.9879
0.39174
0.79695
-0.77951
-0.41899
0.98229
-0.054583
-0.95622
0.51294
0.71126
-0.85193
-0.30668
0.99734
-0.16419
-0.92022
0.59609
0.64148
-0.89542
-0.2252
0.99998
-0.2369
-0.89101
0.64618
0.5953
-0.918
-0.17773
0.99877
-0.2738
-0.87554
0.66718
0.57691
-0.92482
-0.16552
0.99838
-0.27581
-0.87702
0.66104
0.58779
-0.91761
-0.18883
0.99961
-0.24298
-0.89515
0.62716
0.62706
-0.89454
-0.24714
0.99932
-0.17447
-0.92612
0.56259
0.69132
-0.85039
-0.33874
0.99052
-0.069158
-0.96229
0.46272
0.77387
-0.77704
-0.45956
0.96246
0.072953
-0.9918
0.32264
0.86373
-0.66471
-0.6016
0.9013
0.24869
-0.99847
0.13944
0.9446
-0.50396
-0.751
0.79166
0.44906
-0.96246
-0.084697
0.99454
-0.28899
-0.88651
0.61958
0.65651
-0.86255
-0.33874
0.98701
-0.022088
-0.9791
0.37723
0.84294
-0.6806
-0.59914
0.89454
0.28123
-0.99423
0.06928
0.97003
-0.40849
-0.82791
0.69565
0.58779
-0.89787
-0.2804
0.99359
-0.056911
-0.97448
0.38495
0.84557
-0.66718
-0.624
0.87369
0.33631
-0.98408
-0.015094
0.9891
-0.30493
-0.89101
0.59066
0.70258
-0.81397
-0.44522
0.95423
0.14624
-0.99996
0.16419
0.94934
-0.45618
-0.80981
0.70293
0.59678
-0.88308
-0.33169
0.98229
0.039628
-0.99412
0.25309
0.92008
-0.52135
-0.76895
0.74334
0.55557
-0.90214
-0.2992
0.98685
0.021597
-0.993
0.25487
0.92251
-0.50904
-0.78311
0.72255
0.58729
-0.88099
-0.35106
0.97472
0.09252
-0.99923
0.16963
0.95507
-0.41743
-0.84747
0.63487
0.68562
-0.8088
-0.48175
0.92964
0.25012
-0.99169
-0.0058905
0.99323
-0.23583
-0.93627
0.46097
0.82618
-0.65725
-0.6711
0.81475
0.48122
-0.9263
-0.26801
0.98769
0.043551
-0.99761
0.18026
0.95751
-0.3923
-0.87129
0.58271
0.74489
-0.74334
-0.5858
0.86796
0.40255
-0.95245
-0.20423
0.99475
5.7802e-14
-0.99483
0.20135
0.95445
-0.39174
-0.87696
0.56411
0.76698
-0.71264
-0.63011
0.83283
0.47259
-0.92161
-0.30095
0.97729
0.1218
-0.99951
0.058503
0.9891
-0.23404
-0.94798
0.39951
0.8789
-0.55036
-0.78532
0.68285
0.6712
-0.79412
-0.54079
0.88221
0.3985
-0.94597
-0.24869
0.98505
0.095574
-0.99982
0.056911
0.99128
-0.20519
-0.96094
0.34612
0.91075
-0.47701
-0.84294
0.5957
0.76001
-0.70048
-0.66453
0.79016
0.55914
-0.86397
-0.44643
0.92161
0.32891
-0.96312
-0.20891
0.98889
0.088609
-0.99958
0.030061
0.9961
-0.1454
-0.97952
0.25593
0.95106
-0.36047
-0.91201
0.45803
0.86373
-0.54789
-0.80757
0.62954
0.74489
-0.70267
-0.677
0.76714
0.60512
-0.82299
-0.53043
0.87039
0.45399
-0.90963
-0.37678
0.94109
0.29967
-0.96523
-0.22341
0.98258
0.14867
-0.9937
-0.076012
0.99918
0.0058905
-0.99961
0.061321
0.9956
-0.12533
-0.98775
0.18593
0.97663
-0.24298
-0.96282
0.29639
0.94684
-0.34612
-0.92919
0.39219
0.91034
-0.43464
-0.89073
0.47356
0.87075
-0.50904
-0.85078
0.5412
0.83113
-0.57018
-0.81211
0.59609
0.79398
-0.61909
-0.77697
0.63931
0.76128
-0.65688
-0.7471
0.67192
0.73457
-0.68455
-0.72382
0.69485
0.71496
-0.70293
-0.70806
0.70884
0.70319
-0.71264
-0.70039
0.71436
0.69969
-0.71401
-0.70109
0.7116
0.70459
-0.70711
-0.71014
0.70048
0.7177
-0.69167
-0.7272
0.6806
0.73856
-0.66718
-0.75165
0.65131
0.76635
-0.63287
-0.7825
0.61174
0.79991
-0.58779
-0.81836
0.56086
0.83762
-0.53084
-0.85741
0.49759
0.87743
-0.46097
-0.89732
0.42089
0.91673
-0.37723
-0.93523
0.32995
0.95238
-0.27899
-0.96769
0.22437
0.98067
-0.16612
-0.99075
0.10437
0.99739
-0.03926
-0.99998
-0.028958
0.99794
0.099971
-0.99065
-0.17338
0.97752
0.24869
-0.95797
-0.32531
0.93144
0.40255
-0.89743
-0.4796
0.85551
0.55557
-0.80532
-0.62945
0.74661
0.70013
-0.67925
-0.76643
0.60326
0.82708
-0.51883
-0.88076
0.42633
0.92612
-0.32635
-0.96179
0.2197
0.98643
-0.10742
-0.99877
-0.0092038
0.99764
0.12862
-0.98201
-0.24905
