0.0
0.99805
0.12387
-0.9829
-0.24298
0.95386
0.35577
-0.91236
-0.46097
0.85993
0.55761
-0.79813
-0.64496
0.72855
0.72255
-0.65271
-0.79016
0.57209
0.84773
-0.48809
-0.89542
0.40199
0.93352
-0.31496
-0.96246
0.22807
0.98274
-0.14224
-0.99499
0.058258
0.99985
0.023192
-0.99803
-0.10156
0.99023
0.1764
-0.97718
-0.24738
0.95961
0.31426
-0.93819
-0.37689
0.91361
0.43519
-0.88651
-0.48916
0.85748
0.53883
-0.82708
-0.5843
0.79584
0.62572
-0.76422
-0.66324
0.73265
0.69706
-0.70153
-0.72737
0.6712
0.7544
-0.64195
-0.77835
0.61407
0.79946
-0.58779
-0.81794
0.5633
0.83398
-0.54079
-0.8478
0.5204
0.85955
-0.50227
-0.86942
0.48648
0.87755
-0.47313
-0.88405
0.46228
0.88905
-0.45399
-0.89262
0.4483
0.89482
-0.44522
-0.89569
0.44478
0.89526
-0.44698
-0.8935
0.4518
0.89039
-0.45923
-0.88588
0.46923
0.87989
-0.48175
-0.87232
0.49674
0.86304
-0.5141
-0.85193
0.53375
0.83883
-0.55557
-0.82355
0.57941
0.8059
-0.60512
-0.7857
0.63249
0.76271
-0.66131
-0.73673
0.69132
0.70754
-0.72221
-0.67492
0.75367
0.63865
-0.78532
-0.59855
0.81674
0.55445
-0.84747
-0.50619
0.87702
0.45366
-0.90483
-0.39681
0.93032
0.33562
-0.95286
-0.27014
0.97179
0.2005
-0.98643
-0.12692
0.99606
0.049681
-0.99995
0.030797
0.9974
-0.114
-0.98769
0.1993
0.97015
-0.28594
-0.94416
0.37303
0.90917
-0.45956
-0.86471
0.5444
0.81046
-0.6263
-0.7462
0.70389
0.67192
-0.77573
-0.58779
0.84029
0.49418
-0.89602
-0.39174
0.94134
0.28135
-0.9747
-0.16419
0.99463
0.041712
-0.99978
0.08433
0.98898
-0.21191
-0.96128
0.33874
0.91604
-0.46228
-0.85296
0.57981
0.77215
-0.68847
-0.67419
0.78532
0.56015
-0.86741
-0.43166
0.93193
0.29087
-0.97624
-0.14054
0.99803
-0.016075
-0.99542
0.17519
0.9671
-0.33261
-0.91241
0.4838
0.83147
-0.624
-0.72526
0.7484
0.5957
-0.85232
-0.44566
0.93135
0.27899
-0.98161
-0.10046
0.99996
-0.08433
-0.98419
0.26908
0.93321
-0.44698
-0.84727
0.61097
0.72804
-0.75399
-0.57871
0.86936
0.40401
-0.95106
-0.21011
0.99412
0.0045406
-0.99499
0.20411
0.95181
-0.40648
-0.86471
0.59284
0.73599
-0.75359
-0.57018
0.87977
0.37405
-0.96361
-0.15643
0.99908
-0.072096
-0.9824
0.29967
0.91246
-0.51368
-0.79113
0.70153
0.62342
-0.85136
-0.41743
0.95286
0.18413
-0.99812
0.063158
0.98229
-0.30937
-0.9042
0.53862
0.76675
-0.73524
-0.57701
0.88485
0.34612
-0.97557
-0.088731
0.99901
-0.17773
-0.95125
0.4342
0.83344
-0.66131
-0.65215
0.84089
0.41922
-0.95751
-0.15122
0.99995
-0.13154
-0.96246
0.40648
0.84564
-0.65047
-0.65688
0.84189
0.41017
-0.96256
-0.12533
0.99971
-0.17338
-0.94755
0.45923
0.80822
-0.70537
-0.59224
0.88741
0.31799
-0.98602
-0.010431
0.98918
-0.30095
-0.89389
0.5849
0.70711
-0.81153
-0.44566
0.95561
0.13507
-0.99958
0.19268
0.93601
-0.50227
-0.76902
0.75881
0.51463
-0.93193
-0.19954
0.99955
-0.14127
-0.95106
0.46826
0.78925
-0.74186
-0.53084
0.92736
0.20519
-0.99958
0.14867
0.9466
-0.48648
-0.77215
0.76422
0.49599
-0.944
-0.15219
0.99951
-0.21467
-0.92027
0.55506
0.71401
-0.82117
-0.40659
0.97381
0.03926
-0.98854
0.33643
0.86005
-0.66572
-0.60405
0.89867
0.25593
-0.99803
0.13349
0.94561
-0.50513
-0.7462
0.80049
0.428
-0.97107
-0.03926
0.98669
-0.35852
-0.84149
0.70013
0.55608
-0.92741
-0.17543
0.99951
-0.23762
-0.90082
0.61242
0.64496
-0.88256
-0.2738
0.99793
-0.14867
-0.93462
0.54697
0.70057
-0.84747
-0.33562
0.9923
-0.094475
-0.95106
0.50936
0.72796
-0.82894
-0.36264
0.98909
-0.076012
-0.9551
0.50227
0.73006
-0.8301
-0.35588
0.99084
-0.093497
-0.94813
0.52616
0.70711
-0.85078
-0.31508
0.99622
-0.14673
-0.92782
0.57941
0.6566
-0.88741
-0.23881
1
-0.23476
-0.88832
0.6579
0.5738
-0.93277
-0.12533
0.99303
-0.35485
-0.82075
0.75399
0.45279
-0.97538
0.025891
0.96246
-0.50089
-0.71436
0.85539
0.28841
-0.9992
0.21191
0.89262
-0.66131
-0.55853
0.944
0.079071
-0.98408
0.42345
0.76706
-0.81723
-0.34612
0.99578
-0.16951
-0.90758
0.64195
0.57229
-0.94138
-0.078092
0.98229
-0.44027
-0.74914
0.83762
0.30341
-0.99928
0.23106
0.87518
-0.70153
-0.49684
0.96991
-0.028835
-0.95404
0.54851
0.65429
-0.90665
-0.15643
0.99255
-0.39128
-0.77588
0.82152
0.31892
-0.99913
0.23953
0.86471
-0.72518
-0.45618
0.98254
-0.099971
-0.92561
0.62639
0.56826
-0.95106
-0.023192
0.96417
-0.53199
-0.65688
0.91196
0.12777
-0.98604
0.44698
0.72467
-0.87129
-0.21299
0.99644
-0.37485
-0.77457
0.83385
0.27899
-0.9998
0.31787
0.80938
-0.80321
-0.32635
0.99966
-0.27746
-0.83147
0.78189
0.35577
-0.99856
0.25439
0.84255
-0.77145
-0.36778
0.99803
-0.24905
-0.84354
0.77262
0.36264
-0.99856
0.2615
0.83452
-0.78532
-0.34024
0.99966
-0.29158
-0.81475
0.80866
0.30013
-0.9998
0.33874
0.78265
-0.84089
-0.24167
0.99644
-0.40199
-0.73599
0.8793
0.16419
-0.98604
0.4796
0.67201
-0.92008
-0.067321
0.96417
-0.56886
-0.58779
0.95818
-0.048577
-0.92561
0.66572
0.48057
-0.9873
0.18195
0.86471
-0.76446
-0.34842
0.99995
-0.32948
-0.77588
0.85748
0.19088
-0.98769
0.48551
0.65429
-0.93523
-0.0098173
0.94175
-0.64158
-0.49684
0.98643
-0.18967
-0.85392
0.78615
0.30341
-0.99873
0.3985
0.71787
-0.90483
-0.078092
0.95988
-0.60307
-0.53084
0.98105
-0.16951
-0.85955
0.78532
0.29556
-0.99767
0.42345
0.69167
-0.92364
-0.022088
0.93942
-0.66131
-0.45716
0.99494
-0.27085
-0.79613
0.85539
0.16661
-0.97793
0.55557
0.56664
-0.97538
0.15777
0.85773
-0.79695
-0.26245
0.99303
-0.48175
-0.63107
0.95622
-0.089587
-0.88832
0.76128
0.31135
-0.99734
0.44698
0.6566
-0.94782
0.068056
0.89542
-0.75488
-0.31508
0.99719
-0.45399
-0.64618
0.9539
-0.093497
-0.88099
0.77882
0.2738
-0.99231
0.50227
0.59855
-0.97179
0.16552
0.84116
-0.82894
-0.18593
0.97584
-0.58779
-0.50872
0.9923
-0.28217
-0.76675
0.89515
0.049558
-0.93462
0.70153
0.36961
-0.99932
0.43762
0.64496
-0.96012
0.13458
0.85039
-0.82708
-0.17543
0.97015
-0.61861
-0.46272
0.99834
-0.35852
-0.70267
0.93819
-0.072953
-0.87749
0.80049
0.21239
-0.9769
0.6016
0.47453
-0.99803
0.36115
0.69485
-0.9446
0.099971
0.86005
-0.8257
-0.16189
0.96246
-0.65419
-0.40659
0.99978
-0.44522
-0.61958
0.9745
-0.21467
-0.79016
0.89295
0.022088
-0.91166
0.76422
0.25119
-0.98126
0.59914
0.46097
-0.99958
0.40928
0.64242
-0.97003
0.20603
0.78925
-0.89819
5.098e-14
0.89787
-0.79106
-0.19954
0.9671
-0.65642
-0.38495
0.99788
-0.50227
-0.55036
0.99278
-0.33631
-0.69167
0.95561
-0.16564
-0.80648
0.89101
0.0035588
-0.89389
0.80401
0.16612
-0.95423
0.69978
0.31799
-0.98889
0.58331
0.45618
-1
0.45923
0.57871
-0.99023
0.33169
0.68455
-0.96256
0.20423
0.7734
-0.92008
0.079805
0.84564
-0.86588
-0.03926
0.90214
-0.80292
-0.15122
0.94416
-0.73391
-0.25487
0.97319
-0.66131
-0.34945
0.9909
-0.58729
-0.43464
0.99901
-0.51368
-0.51041
0.99923
-0.44203
-0.57701
0.99323
-0.37359
-0.63487
0.98256
-0.30937
-0.68455
0.96867
-0.25012
-0.7267
0.95286
-0.19641
-0.762
0.93627
-0.14867
-0.79113
0.91989
-0.10717
-0.81475
0.90457
-0.072096
-0.83344
0.89101
-0.043551
-0.84773
0.87977
-0.021597
-0.85804
0.87129
-0.0062586
-0.86471
0.86588
0.0024544
-0.86796
0.86373
0.0045406
-0.8679
0.8649
2.8714e-13
-0.86453
0.86936
-0.011167
-0.85773
0.87696
-0.028958
-0.84727
0.88741
-0.053357
-0.83283
0.90034
-0.08433
-0.81397
0.9152
-0.1218
-0.79016
0.93135
-0.16564
-0.7608
0.94798
-0.21563
-0.72526
0.96414
-0.27144
-0.68285
0.97872
-0.33261
-0.63287
0.99049
-0.3985
-0.5747
0.99803
-0.46826
-0.50777
0.99982
-0.54079
-0.43166
0.99423
-0.61475
-0.34612
0.97955
-0.68847
-0.25119
0.95404
-0.76001
-0.14722
0.91604
-0.82708
-0.034968
0.86397
-0.88713
0.08433
0.79651
-0.93734
0.20891
0.71264
-0.9747
0.33643
0.61184
-0.9961
0.46391
0.49418
-0.99847
0.58779
0.36047
-0.97892
0.70389
0.21239
-0.93497
0.80757
0.052622
-0.86471
0.89383
-0.1151
-0.76714
0.95751
-0.28594
-0.64233
0.99356
-0.45399
-0.49172
0.9974
-0.61242
-0.31834
0.96523
-0.75367
-0.12692
0.89454
-0.86978
0.076012
0.78448
-0.95286
0.28217
0.63629
-0.9956
0.48175
0.45366
-0.99193
0.66379
0.24298
-0.93772
0.81674
0.013376
-0.83147
0.92919
-0.22341
-0.67492
0.99084
-0.45344
-0.47356
0.99348
-0.66131
-0.2369
0.93211
-0.83113
0.021597
0.8059
-0.94782
0.285
0.61909
-0.99861
0.53375
0.38144
-0.97461
0.7471
0.10827
-0.87232
0.90483
-0.18002
-0.69485
0.98937
-0.45923
-0.45279
0.98807
-0.70319
-0.16419
0.89526
-0.88628
0.14612
0.71401
-0.98633
0.4483
0.45716
-0.98769
0.71014
0.14722
-0.88405
0.9006
-0.18485
-0.6806
0.99378
-0.50227
-0.39501
0.97294
-0.76635
-0.056911
0.83398
-0.94138
0.29439
0.58779
-0.99987
0.61407
0.26068
-0.92759
0.85741
-0.10729
-0.72737
0.98643
-0.46652
-0.42089
0.97648
-0.76422
-0.047719
0.8218
-0.95238
0.33874
0.53883
-0.99614
0.67835
0.16612
-0.88128
0.91361
-0.23953
-0.61909
0.99998
-0.61097
-0.24738
0.9154
-0.88163
0.17338
0.66691
-0.99803
0.56886
0.29263
-0.93144
0.86373
-0.14224
-0.68633
0.99647
-0.55557
-0.30306
0.93352
-0.86342
0.14673
0.67925
-0.99761
0.57209
0.27899
-0.92223
0.88076
-0.18678
-0.64496
0.99983
-0.61716
-0.2197
0.89454
-0.91236
0.2615
0.58031
-0.99764
0.68696
0.12387
-0.84413
