 4.37897362734254e-001
 7.87895163239105e-001
 9.78358173720229e-001
 9.69546248852027e-001
 7.62173406962388e-001
 3.97784735186363e-001
-4.92941804771545e-002
-4.86936712579096e-001
-8.24145098283318e-001
-9.90055009123370e-001
-9.49031151184681e-001
-7.08599295301690e-001
-3.18397602739844e-001
 1.39807644859942e-001
 5.69093913974044e-001
 8.77856355936780e-001
 9.99467386426776e-001
 9.06881625651915e-001
 6.18939911046644e-001
 1.96849754614092e-001
-2.68580537552014e-001
-6.76348310653645e-001
-9.37187151912293e-001
-9.93259771836535e-001
-8.31238691842884e-001
-4.85764656580248e-001
-3.23393771650066e-002
 4.28962012413903e-001
 7.95495468830685e-001
 9.84952092565940e-001
 9.54039009320324e-001
 7.08656294285719e-001
 3.03119822362855e-001
-1.71588799986825e-001
-6.08069319439312e-001
-9.06781062572239e-001
-9.98871147441727e-001
-8.62290923826592e-001
-5.27375878499908e-001
-7.04193037848374e-002
 4.03478595317920e-001
 7.84486498116195e-001
 9.83552384329260e-001
 9.53412713164042e-001
 7.00101394528332e-001
 2.82094468486015e-001
-2.02913789003897e-001
-6.40681634589932e-001
-9.27317170407933e-001
-9.94074457417324e-001
-8.24099566247844e-001
-4.56989825393066e-001
 2.01244642953976e-002
 4.93046738293767e-001
 8.47775540769815e-001
 9.98071961065039e-001
 9.06648261394398e-001
 5.94720889042825e-001
 1.37414182812423e-001
-3.54081143565996e-001
-7.59422040975952e-001
-9.78616863690034e-001
-9.56878411512285e-001
-6.98605758448234e-001
-2.65036561205563e-001
 2.39102948732800e-001
 6.85716829612974e-001
 9.56328485760464e-001
 9.74489390020242e-001
 7.29156153445012e-001
 2.81573479083025e-001
-2.47857701143271e-001
-7.10739075990727e-001
-9.72265190519442e-001
-9.51682483251481e-001
-6.49216299600670e-001
-1.50050472569726e-001
 3.97714454948976e-001
 8.26161803680660e-001
 9.99493486635821e-001
 8.58624994701421e-001
 4.43351997318328e-001
-1.16703835235879e-001
-6.41295673458825e-001
-9.57485791629411e-001
-9.57690657325552e-001
-6.37976273302726e-001
-1.02422445022808e-001
 4.69526995898595e-001
 8.82912342622861e-001
 9.94361319668766e-001
 7.63026468266597e-001
 2.66770364479603e-001
-3.23181707508267e-001
-8.01154043336520e-001
-9.99174714018038e-001
-8.46754878551758e-001
-3.96633261238409e-001
 1.93190599228185e-001
 7.15078296559569e-001
 9.85268631399935e-001
 9.08949826826708e-001
 5.13576289639040e-001
-6.13596361901785e-002
-6.14146225487921e-001
-9.52150512758817e-001
-9.59065377316395e-001
-6.34463909255281e-001
-9.23181359469368e-002
 4.80090381084149e-001
 8.87623426895451e-001
 9.93866262927754e-001
 7.66011999058853e-001
 2.83520430135557e-001
-2.91073157919520e-001
-7.67994646484910e-001
-9.93128073471887e-001
-8.97016893157242e-001
-5.14658488155904e-001
 2.89049865645056e-002
 5.60926123387469e-001
 9.16446085443536e-001
 9.88940684971385e-001
 7.60764160159157e-001
 3.05240447526806e-001
-2.38602835320883e-001
-7.09535517191831e-001
-9.71983958846078e-001
-9.53519947882277e-001
-6.59986823191719e-001
-1.75428939541036e-001
 3.60373238694413e-001
 7.92089762192871e-001
 9.93904524550830e-001
 9.06373344722938e-001
 5.54225182917612e-001
 3.96947171353287e-002
-4.86918933772752e-001
-8.71060819195743e-001
-9.99355880017806e-001
-8.33293559343972e-001
-4.21089527481293e-001
 1.16011709362032e-001
 6.19195955754458e-001
 9.38991480222499e-001
 9.79791714391090e-001
 7.28691600833656e-001
 2.59866957908004e-001
-2.87059490223056e-001
-7.48441471000318e-001
-9.85580867046539e-001
-9.26591577276011e-001
-5.88470070858914e-001
-7.25157330446711e-002
 4.65774494631224e-001
 8.63465392570994e-001
 9.99568045200887e-001
 8.32062547510057e-001
 4.11166375323009e-001
-1.35425481690794e-001
-6.41084576582957e-001
-9.51004271291741e-001
-9.69719448606771e-001
-6.90766345262427e-001
-1.99191996089935e-001
 3.54111441259890e-001
 7.98585280216498e-001
 9.96607063249669e-001
 8.86286323692915e-001
 5.01089765680578e-001
-4.00108876742417e-002
-5.69067615553848e-001
-9.21214386195881e-001
-9.86141010516476e-001
-7.42881818861711e-001
-2.66876458451533e-001
 2.93155485857017e-001
 7.61524195154375e-001
 9.90692746665121e-001
 9.07917045008998e-001
 5.38607425694377e-001
-1.17309567156724e-003
-5.40961807232379e-001
-9.09648180256964e-001
-9.89801028711938e-001
-7.55295556126049e-001
-2.80114291063954e-001
 2.84725764139579e-001
 7.59011666033720e-001
 9.90835132759566e-001
 9.05407798587408e-001
 5.29453861650431e-001
-1.49662172730979e-002
-5.51817264141886e-001
-9.13082340852754e-001
-9.89806207824527e-001
-7.63200823581441e-001
-3.06830922055466e-001
 2.38994777819676e-001
 7.11324156129851e-001
 9.73106508003666e-001
 9.51866878752702e-001
 6.58047245799507e-001
 1.79036012745342e-001
-3.48035920581212e-001
-7.76018380948405e-001
-9.88450305070068e-001
-9.30211156387796e-001
-6.20451160830973e-001
-1.45269429814945e-001
 3.66969327090525e-001
 7.80477746870258e-001
 9.87639840123493e-001
 9.36234605736296e-001
 6.41701869354353e-001
 1.81879801911885e-001
-3.23914356006264e-001
-7.45804610424426e-001
-9.76356649591356e-001
-9.57453564848735e-001
-6.94525704962404e-001
-2.54805382685739e-001
 2.49805715928249e-001
 6.90949236122864e-001
 9.56132810094352e-001
 9.77195227331908e-001
 7.47845997317076e-001
 3.25809890818036e-001
-1.81180651733951e-001
-6.42329154509724e-001
-9.37142379418505e-001
-9.86904775500564e-001
-7.76132942066661e-001
-3.58117846962365e-001
 1.57496966936214e-001
 6.32572699881101e-001
 9.37037761343314e-001
 9.84718604811250e-001
 7.58624338364698e-001
 3.18123283309992e-001
-2.15038911267343e-001
-6.89189843375745e-001
-9.65481748219576e-001
-9.59154886582927e-001
-6.67016356991092e-001
-1.71941959610909e-001
 3.78596526745915e-001
 8.15229596390237e-001
 9.98800474909848e-001
 8.66021812157732e-001
 4.53454502605105e-001
-1.09704361534643e-001
-6.40030545029644e-001
-9.58936989345445e-001
-9.53778775165931e-001
-6.19937411555170e-001
-6.94761268762004e-002
 5.05472529325294e-001
 9.04292971085738e-001
 9.87379208675783e-001
 7.25187595808223e-001
 2.08983613729514e-001
-3.80706087550799e-001
-8.37109461825406e-001
-9.99737337407977e-001
-8.10975095756690e-001
-3.36727414294589e-001
 2.56361161144012e-001
 7.59319294518952e-001
 9.94471093521811e-001
 8.78332324456899e-001
 4.51469911500562e-001
-1.35431575860684e-001
-6.74597553406312e-001
-9.74682744324527e-001
-9.28780896762790e-001
-5.52715710636244e-001
 2.01737658098154e-002
 5.86128792324238e-001
 9.43378367409455e-001
 9.64150141610517e-001
 6.40557079937160e-001
 8.78141339845940e-002
-4.96589604881954e-001
-9.03365515784217e-001
-9.86428407372112e-001
-7.15530200791893e-001
-1.87500061857602e-001
 4.08162381125661e-001
 8.57188815605021e-001
 9.97646336593307e-001
 7.78487511289522e-001
 2.78321917945621e-001
-3.22570290209499e-001
-8.07096060501410e-001
-9.99789389271709e-001
-8.30488657029902e-001
-3.60094119875708e-001
 2.41125299157919e-001
 7.55027726243621e-001
 9.94735842595513e-001
 8.72710548948808e-001
 4.32921119998453e-001
-1.64782802559069e-001
-7.02623577994655e-001
-9.84216070629043e-001
-9.06375660415232e-001
-4.97120380320163e-001
 9.41980578071997e-002
 6.51240980399271e-001
 9.69788918425159e-001
 9.32696850756493e-001
 5.53155939473791e-001
-2.97810211415468e-002
-6.01980507891082e-001
-9.52831274988249e-001
-9.52836557793619e-001
-6.01582728541405e-001
-2.82526666587606e-002
 5.55715397102909e-001
 9.35209053830162e-001
 9.65948685162107e-001
 6.29887978312926e-001
 4.97180234776801e-002
-5.52943896333657e-001
-9.40956483061339e-001
-9.55905377683367e-001
-5.85500289243356e-001
 2.54725034997784e-002
 6.28881086848019e-001
 9.73101730504992e-001
 9.09280664195490e-001
 4.58632991841026e-001
-1.90744235645276e-001
-7.60096665010065e-001
-9.99463766137561e-001
-7.99251104514149e-001
-2.43304738066698e-001
 4.23351743416406e-001
 9.01206090485476e-001
 9.71459712769520e-001
 5.98310647464468e-001
-5.05214861994595e-002
-6.77476523816210e-001
-9.91430738094322e-001
-8.44074960555199e-001
-3.01765675122777e-001
 3.82866003696686e-001
 8.88149499302453e-001
 9.75084770989577e-001
 6.01453895756184e-001
-5.68426402033356e-002
-6.88406368473051e-001
-9.94059547213633e-001
-8.29128024663147e-001
-2.72102129754338e-001
 4.13116816154150e-001
 9.02966778767372e-001
 9.67486968241069e-001
 5.78008130142753e-001
-8.12057826707140e-002
-7.01481401653355e-001
-9.95131862949034e-001
-8.28615862761166e-001
-2.81773017560282e-001
 3.92461109882600e-001
 8.86656606795792e-001
 9.79325650863666e-001
 6.32780212501412e-001
 5.77089654079959e-003
-6.21675403976112e-001
-9.74548677973396e-001
-9.02704421616972e-001
-4.42311367685824e-001
 2.05068653537296e-001
 7.63054401730180e-001
 9.99006884289912e-001
 8.19493816023913e-001
 3.04207117162408e-001
-3.32399126698626e-001
-8.32324348806252e-001
-9.98575066370771e-001
-7.70785606517796e-001
-2.43838216373501e-001
 3.76241449299245e-001
 8.51055231637451e-001
 9.96829806994045e-001
 7.56863306695098e-001
 2.23746342840579e-001
-3.96206955757583e-001
-8.62715251039402e-001
-9.94675012295746e-001
-7.40579802844246e-001
-1.98788576936598e-001
 4.20395304091205e-001
 8.76274368535267e-001
 9.91345095338656e-001
 7.20526425457516e-001
 1.68984134168826e-001
-4.48558446865372e-001
-8.91338940631779e-001
-9.86448006520186e-001
-6.96468896872546e-001
-1.34359275179397e-001
 4.80405083525909e-001
 9.07454228350427e-001
 9.79538542490309e-001
 6.68150143537971e-001
 9.49574580502185e-002
-5.15593967250064e-001
-9.24103953337945e-001
-9.70124582765809e-001
-6.35301001891728e-001
-5.08504246219115e-002
 5.53726847062602e-001
 9.40710238594831e-001
 9.57674303844162e-001
 5.97652064003779e-001
 2.15007029907871e-003
-5.94341358437188e-001
-9.56634288157209e-001
-9.41624625211851e-001
-5.54946713118430e-001
 5.09790812370377e-002
 6.36904202176725e-001
 9.71178172191649e-001
 9.21391131745527e-001
 5.06955369228886e-001
-1.08307015661765e-001
-6.80804982102505e-001
-9.83588092063165e-001
-8.96379696514211e-001
-4.53490921989690e-001
 1.69525243658221e-001
 7.25351105390388e-001
 9.93059502289053e-001
 8.65999995753263e-001
 3.94425272576940e-001
-2.34234017232849e-001
-7.69764183232936e-001
-9.98744460770009e-001
-8.29681062457249e-001
-3.29706837611251e-001
 3.01930133313692e-001
 8.13178401369629e-001
 9.99761562817524e-001
 7.86888965216302e-001
 2.59378787268826e-001
-3.70238809568192e-001
-8.50689672778464e-001
-9.96727155882052e-001
-7.57203036043285e-001
-2.29651810661185e-001
 3.82104787268061e-001
 8.48109659455064e-001
 9.98286752182761e-001
 7.82488166450842e-001
 2.84333320061050e-001
-3.13478635239849e-001
-7.97376078774569e-001
-9.98906645921339e-001
-8.51765803162281e-001
-4.11313704006570e-001
 1.68110952867846e-001
 6.88345000967926e-001
 9.75087546878087e-001
 9.35194601761982e-001
 5.85287146693431e-001
 4.35897669786061e-002
-5.10907566955519e-001
-8.97672354656056e-001
-9.92758150053392e-001
-7.67483738348126e-001
-2.96050615234963e-001
 2.69482264619360e-001
 7.48305469839444e-001
 9.88284005067241e-001
 9.13722204378749e-001
 5.48773976098930e-001
 9.47072134615537e-003
-5.32974145090851e-001
-9.06126902568705e-001
-9.90808033389485e-001
-7.59108229553114e-001
-2.83925120853351e-001
 2.83312899369243e-001
 7.60207752189270e-001
 9.91646306317201e-001
 9.00415573178494e-001
 5.13733731473415e-001
-4.35867560544379e-002
-5.88201040800980e-001
-9.37828988428616e-001
-9.72415642927717e-001
-6.76440973804494e-001
-1.47233129047787e-001
 4.35153758260615e-001
 8.67993190455842e-001
 9.96443183605337e-001
 7.70240537024171e-001
 2.65485017071262e-001
-3.38388810141083e-001
-8.20683749153382e-001
-9.99918239591086e-001
-8.03636862640751e-001
-3.00328674997906e-001
 3.21281125083205e-001
 8.20923202315234e-001
 9.99486807623085e-001
 7.80241379733829e-001
 2.44909002995247e-001
-3.93222065809593e-001
-8.71247602366440e-001
-9.90117958706161e-001
-7.00560718572477e-001
-1.21813347912197e-001
 5.07347139620116e-001
 9.27054028297031e-001
 9.63715133598209e-001
 6.01921862586734e-001
-8.92996030779342e-003
-6.16208715817575e-001
-9.68482258457814e-001
-9.19666860543581e-001
-4.89729333948512e-001
 1.43331629076866e-001
 7.17068699097021e-001
 9.93361036441812e-001
 8.57309574032352e-001
 3.65152372811496e-001
-2.78836459107277e-001
-8.07036332841374e-001
-9.99687316211359e-001
-7.76407189003936e-001
-2.29872073672895e-001
 4.12509939394770e-001
 8.83141299769690e-001
 9.85722261095850e-001
 6.77229389978414e-001
 8.61074493014760e-002
-5.41077671076689e-001
-9.42424083483669e-001
-9.50095396754396e-001
-5.60625031924200e-001
 6.33748663104881e-002
 6.60985995190199e-001
 9.82043353299091e-001
 8.91914014737849e-001
 4.28086227396077e-001
-2.15271359355110e-001
-7.68485762116823e-001
-9.99399214159072e-001
-8.10873932471614e-001
-2.81798065660333e-001
 3.65776876522792e-001
 8.59740472270337e-001
 9.92270052083497e-001
 7.07366669437929e-001
 1.24668393171268e-001
-5.10648149950626e-001
-9.30959040796795e-001
-9.58959414408467e-001
-5.82577046906332e-001
 3.96682517051639e-002
 6.45298826589179e-001
 9.78552172903077e-001
 8.98447920090563e-001
 4.38564225629633e-001
-2.06878535652478e-001
-7.64928302987652e-001
-9.99309773480972e-001
-8.10543645788529e-001
-2.78318346694652e-001
 3.71995780215489e-001
 8.64685345454506e-001
 9.90594966463054e-001
 6.94663044476155e-001
 9.82600098314567e-002
-5.43873006686235e-001
-9.49744711684537e-001
-9.34880219034738e-001
-4.99335702452257e-001
 1.65284319655289e-001
 7.56964458089664e-001
 9.99874105497963e-001
 7.75054813000800e-001
 1.82406079651414e-001
-4.99785327434270e-001
-9.43636656283047e-001
-9.30153915201348e-001
-4.60382655941740e-001
 2.38629500870674e-001
 8.21012456402603e-001
 9.93125091426445e-001
 6.63850220197166e-001
-3.98576829156634e-003
-6.71478771107979e-001
-9.94978397922019e-001
-8.04456566564610e-001
-1.95407909427711e-001
 5.16738169007413e-001
 9.59210804594136e-001
 8.97893338234702e-001
 3.62947438434515e-001
-3.64427165612901e-001
-8.99313524468486e-001
-9.57344287432125e-001
-5.06890553538576e-001
 2.13052876937775e-001
 8.19744544400844e-001
 9.90733105490261e-001
 6.35650488113368e-001
-5.62637915458586e-002
-7.17843841009999e-001
-9.99646102742619e-001
-7.54572574669864e-001
-1.13622160349469e-001
 5.85772301301026e-001
 9.78680227538609e-001
 8.63070126915342e-001
 3.02097171612667e-001
-4.12744838899358e-001
-9.15040919922743e-001
-9.51536180158027e-001
-5.08024904236557e-001
 1.88660240962960e-001
 7.89350276366432e-001
 9.98429234596572e-001
 7.17768532673395e-001
 8.93795753356807e-002
-5.79772091225095e-001
-9.69496662167474e-001
-8.98792241033960e-001
-4.06809018920029e-001
 2.72185594882720e-001
 8.23078347718884e-001
 9.96503783356757e-001
 7.19489053135776e-001
 1.22243433878838e-001
-5.26420512998637e-001
-9.42363988710846e-001
-9.44649462025389e-001
-5.31933953977271e-001
 1.14706880656196e-001
 7.11059871392993e-001
 9.94644012177823e-001
 8.40329645375758e-001
 3.15740425618490e-001
-3.48173477611224e-001
-8.58678836319422e-001
-9.90332799896048e-001
-6.84675507531444e-001
-7.63986674286880e-002
 5.65814315910644e-001
 9.57879137133750e-001
 9.26030272230917e-001
 4.84010628495972e-001
-1.72634159621482e-001
-7.52895988519484e-001
-9.99232414576077e-001
-8.01981371070873e-001
-2.48386953082986e-001
 4.15771713379264e-001
 8.95170473343222e-001
 9.76276365097839e-001
 6.22616212691839e-001
-8.59523631704382e-003
-6.36145397555651e-001
-9.80029467423554e-001
-8.86462190680744e-001
-3.96849941226730e-001
 2.70297898507807e-001
 8.16724489981678e-001
 9.97746334802318e-001
 7.31955097093651e-001
 1.38057684651483e-001
-5.17917432161681e-001
-9.41669768085157e-001
-9.42709799279561e-001
-5.20177235268595e-001
 1.36350224273830e-001
 7.31720921107039e-001
 9.97845637442218e-001
 8.14527652023791e-001
 2.63978695444683e-001
-4.05806212649616e-001
-8.92610783031954e-001
-9.76377828890210e-001
-6.18858707691112e-001
 1.86695007002173e-002
 6.47935556805826e-001
 9.83936100844854e-001
 8.74107016784695e-001
 3.67821705534589e-001
-3.05542698302406e-001
-8.40349624802065e-001
-9.93417942978305e-001
-6.94758492316494e-001
-7.98358866814315e-002
 5.71630839656233e-001
 9.62793523166909e-001
 9.15005186520029e-001
 4.49630758960682e-001
-2.21225556395722e-001
-7.90029351625707e-001
-9.99704211807419e-001
-7.61561926211007e-001
-1.87337624527710e-001
 4.66531634759878e-001
 9.15106359638660e-001
 9.68410259532705e-001
 6.09181898238747e-001
-5.48498960720427e-003
-6.15359938472672e-001
-9.67998483378018e-001
-9.21977672190551e-001
-5.00977611258614e-001
 1.20636109311925e-001
 6.91767920659822e-001
 9.86189004892956e-001
 8.90807247415173e-001
 4.46918784893277e-001
-1.69534067870079e-001
-7.18785342485111e-001
-9.90372891912648e-001
-8.82646381278064e-001
-4.39249130089667e-001
 1.69774016928733e-001
 7.13721551038523e-001
 9.88349676353746e-001
 8.91750817312044e-001
 4.61284706074291e-001
-1.41387385613558e-001
-6.91021112898239e-001
-9.82577665650185e-001
-9.07239884090796e-001
-4.92815337951879e-001
 1.06307366315230e-001
 6.66127504554252e-001
 9.76235538248923e-001
 9.18733247105108e-001
 5.13502843737782e-001
-8.76215282348251e-002
-6.56602410758342e-001
-9.74978897337287e-001
-9.17887857805026e-001
-5.04148083810094e-001
 1.07974383296823e-001
 6.79568948117133e-001
 9.83471068464531e-001
 8.95077117831623e-001
 4.45283098683332e-001
-1.87494747555000e-001
-7.45863076216861e-001
-9.97372420989753e-001
-8.32436842739547e-001
-3.14769271613586e-001
 3.39728483745060e-001
 8.50600989351403e-001
 9.92739994811591e-001
 6.97687461788874e-001
 9.00952372959645e-002
-5.61068335167454e-001
-9.59597087862590e-001
-9.17637865600677e-001
-4.47611194294906e-001
 2.35767097745360e-001
 8.10039668685995e-001
 9.96651249872868e-001
 7.03394912469031e-001
 7.09934758785373e-002
-5.95906403666504e-001
-9.75323218317591e-001
-8.83501434495173e-001
-3.64239242445090e-001
 3.31598253963267e-001
 8.67002575514056e-001
 9.82030017368614e-001
 6.20264905910146e-001
-4.31081947910384e-002
-6.85779647882429e-001
-9.94780414671346e-001
-8.19050488039865e-001
-2.43661837839273e-001
 4.50951811745040e-001
 9.25426996113452e-001
 9.47313701012637e-001
 5.05267512480817e-001
-1.84655617970466e-001
-7.84257911978613e-001
-9.98902909606487e-001
-7.22519020259024e-001
-9.04354776998795e-002
 5.86467828250356e-001
 9.74462167826859e-001
 8.81619892711810e-001
 3.53128246345378e-001
-3.50247057263867e-001
-8.80521172438500e-001
-9.74644459726625e-001
-5.85291645495958e-001
 9.48871254935908e-002
 7.28194841302502e-001
 9.99419622806517e-001
 7.72925914958048e-001
 1.60919516326254e-001
-5.31682703137043e-001
-9.58924760689132e-001
-9.06707419320044e-001
-4.00460879431118e-001
 3.06742328580997e-001
 8.60349891468769e-001
 9.82051917274196e-001
 6.09998493753597e-001
-6.92800259170441e-002
-7.13958458869766e-001
-9.98777416216611e-001
-7.79353796332345e-001
-1.65837335323579e-001
 5.31890994201386e-001
 9.60469874860394e-001
 9.02111724483068e-001
 3.85687105563330e-001
-3.27024156278949e-001
-8.73662018079511e-001
-9.75496184052877e-001
-5.79888861417501e-001
 1.11971205118325e-001
 7.46930102072558e-001
 9.99990787242925e-001
 7.40904965280595e-001
 1.01720667582296e-001
-5.91525659476065e-001
-9.80307451248728e-001
-8.55395261202655e-001
-2.75263225754908e-001
 4.55327151355159e-001
 9.41971955897656e-001
 9.14127961624049e-001
 3.79779429187950e-001
-3.69230646112829e-001
-9.12678718204031e-001
-9.37856511700983e-001
-4.23495807211535e-001
 3.38574925614145e-001
 9.05094579454410e-001
 9.39238621280583e-001
 4.14647100666819e-001
-3.60155688686838e-001
-9.19745280141674e-001
-9.21644574264281e-001
-3.59479827264178e-001
 4.25441758353318e-001
 9.48677821520336e-001
 8.82300384374936e-001
 2.63642251726967e-001
-5.21886950020711e-001
-9.79239321416363e-001
-8.16732389949781e-001
-1.34717618624791e-001
 6.33982685325624e-001
 9.98125408809005e-001
 7.23122274696974e-001
-1.60890465986932e-002
-7.45300225954177e-001
-9.95453463964800e-001
-6.05242928902644e-001
 1.74309649952816e-001
 8.41602426027044e-001
 9.67897608165443e-001
 4.73004481965856e-001
-3.24576275401749e-001
-9.13939098824397e-001
-9.19768763131223e-001
-3.40591590826833e-001
 4.53749485824089e-001
 9.60250311076571e-001
 8.61644500762827e-001
 2.23288418694940e-001
-5.53123928761413e-001
-9.84632100728079e-001
-8.07244997882630e-001
-1.34587163091782e-001
 6.18606069786166e-001
 9.94547128870899e-001
 7.69867853116334e-001
 8.46922363264720e-002
-6.48920593078899e-001
-9.97065552274679e-001
-7.59431839284926e-001
-8.04436562540983e-002
 6.42881923983072e-001
 9.95307143304866e-001
 7.80385413425542e-001
 1.25728258041553e-001
-5.97142891823875e-001
-9.86220618590083e-001
-8.25886935797729e-001
-2.04535109896685e-001
 5.31491417759573e-001
 9.70495120704518e-001
 8.65842926936456e-001
 2.75180876135263e-001
-4.70493462603633e-001
-9.51800215061465e-001
-8.96922535095603e-001
-3.35749404827911e-001
 4.15543334610450e-001
 9.32062458267270e-001
 9.20523329446619e-001
 3.86394825159593e-001
-3.67731883375168e-001
-9.12947524705658e-001
-9.37948983347646e-001
-4.27382414463212e-001
 3.27896081106631e-001
 8.95853361223225e-001
 9.50353196201886e-001
 4.59016324350800e-001
-2.96667810870992e-001
-8.81911001440500e-001
-9.58695647314657e-001
-4.81577973640716e-001
 2.74518132651513e-001
 8.71988818263332e-001
 9.63707547691108e-001
 4.95275655813576e-001
-2.61793989628346e-001
-8.66696514561022e-001
-9.65864509329894e-001
-5.00205656202446e-001
 2.58744858162798e-001
 8.66385756665281e-001
 9.65364865258255e-001
 4.96325205025083e-001
-2.65537239960113e-001
-8.71145026904174e-001
-9.62112215719936e-001
-4.83437868900572e-001
 2.82255175239642e-001
 8.80787020411445e-001
 9.55701826222306e-001
 4.61192457002962e-001
-3.08885178700508e-001
-8.94827773095451e-001
-9.45411549046578e-001
-4.29097126233926e-001
 3.45284248671152e-001
 9.12457737385159e-001
 9.30199169589881e-001
 3.86551030931204e-001
-3.91129983203624e-001
-9.32506289191183e-001
-9.08709470633265e-001
-3.32896466868377e-001
 4.45852490023415e-001
 9.53402725496216e-001
 8.79295814020937e-001
 2.67494858582857e-001
-5.08548858279475e-001
-9.72701418343630e-001
-8.44141788166906e-001
-2.06494058328830e-001
 5.52990717153322e-001
 9.81259300927765e-001
 8.28662308724269e-001
 1.90458119310051e-001
-5.56871280351631e-001
-9.79924943693754e-001
-8.38613162810316e-001
-2.18781274293069e-001
 5.23613596293121e-001
 9.68796071527033e-001
 8.69569573714253e-001
 2.85550085640779e-001
-4.55653846190478e-001
-9.43772433774053e-001
-9.12261319800640e-001
-3.81541292368582e-001
 3.56334659567806e-001
 8.99576513254482e-001
 9.54960252786615e-001
 4.94520136588978e-001
-2.31971746431655e-001
-8.33165497899075e-001
-9.86548479763320e-001
-6.10525959817734e-001
 9.28599895280976e-002
 7.46475042203414e-001
 9.99759561513020e-001
 7.16297095704011e-001
 4.74807339901726e-002
-6.47476999070345e-001
-9.93533342711056e-001
-8.02026300959207e-001
-1.74530923710824e-001
 5.49157031763445e-001
 9.73451960500038e-001
 8.63078350325657e-001
 2.75253001077069e-001
-4.66988394049100e-001
-9.49939947784914e-001
-8.99573394515546e-001
-3.39396065439439e-001
 4.16108632019278e-001
 9.34791659945237e-001
 9.13655156630583e-001
 3.58898174234781e-001
-4.09144649810557e-001
-9.36934831570949e-001
-9.05196356388617e-001
-3.25905549666711e-001
 4.54568648518751e-001
 9.57967813842379e-001
 8.67241052113720e-001
 2.31130945208321e-001
-5.54281923730158e-001
-9.87521762398384e-001
-7.82894893460098e-001
-6.50984718845554e-002
 6.98706998204157e-001
 9.98936102287677e-001
 6.26217315549752e-001
-1.75023058976074e-001
