@@Floating Point 32 bit
-7.54251380736104e-001
-9.90580818586075e-001
-5.48574083231085e-001
 2.67941855686816e-001
 9.01104160297257e-001
 9.20394496319230e-001
 3.14327751953219e-001
-5.04444838365097e-001
-9.81159912053780e-001
-7.94646854532131e-001
-7.24158695076353e-002
 6.98017724865761e-001
 9.98937801381811e-001
 6.29780819698569e-001
-1.60626878606570e-001
-8.43137538562254e-001
-9.62903264039000e-001
-4.41661003173714e-001
 3.72630047700575e-001
 9.39206738621207e-001
 8.83661060003146e-001
 2.44288970765298e-001
-5.55730695189439e-001
-9.89312027319398e-001
-7.72468625011557e-001
-4.90904644088432e-002
 7.05903500509597e-001
 9.98991653148049e-001
 6.40132559868213e-001
-1.35333776500388e-001
-8.22265854049150e-001
-9.75143674209728e-001
-4.96281771340080e-001
 3.03119822362853e-001
 9.06306252052864e-001
 9.25143693572379e-001
 3.48968563070447e-001
-4.50835740540167e-001
-9.61140318617665e-001
-8.56192029660328e-001
-2.04529007852351e-001
 5.77062188853179e-001
 9.90858339550975e-001
 7.74877678471901e-001
 6.76300434631881e-002
-6.81936315151451e-001
-9.99995348812847e-001
-6.86927730214028e-001
 5.85630045175429e-002
 7.66712671807312e-001
 9.93130796075310e-001
 5.97102959310313e-001
-1.72153235188575e-001
-8.33373707084977e-001
-9.74609133183603e-001
-5.09199791741738e-001
 2.72254830841268e-001
 8.84305683403821e-001
 9.48363867560831e-001
 4.26122841729734e-001
-3.58740398083150e-001
-9.22043818921465e-001
-9.17824012908631e-001
-3.49998415143754e-001
 4.30303800413396e-001
 9.46672653827156e-001
 8.93640535091155e-001
 3.11127939412877e-001
-4.51305690942864e-001
-9.48502077954970e-001
-8.98870285472225e-001
-3.38666824458086e-001
 4.09590294551917e-001
 9.26652008545200e-001
 9.30875214321790e-001
 4.27150879605811e-001
-3.05345529293833e-001
-8.71488827634085e-001
-9.73261982813676e-001
-5.63128745759599e-001
 1.38903254878745e-001
 7.66690657650545e-001
 9.99417637003717e-001
 7.23130222919576e-001
 8.26443016850052e-002
-5.97393706814789e-001
-9.78031275829122e-001
-8.73580061230919e-001
-3.39439668246024e-001
 3.59702667597888e-001
 8.82183557717878e-001
 9.75754569853890e-001
 5.97634246447758e-001
-6.78058932654030e-002
-6.99901444762099e-001
-9.96046435179124e-001
-8.15614439543892e-001
-2.45730447491963e-001
 4.41250188388992e-001
 9.17675386439288e-001
 9.56303242575812e-001
 5.38338948366893e-001
-1.37205290814299e-001
-7.47576926704588e-001
-9.99823565016321e-001
-7.71354272538208e-001
-1.70338479835730e-001
 5.14103540608192e-001
 9.49800840027079e-001
 9.22574970044185e-001
 4.42699004717921e-001
-2.56535422335386e-001
-8.30253221500576e-001
-9.91418030229113e-001
-6.55628313137331e-001
 1.21157335498935e-002
 6.75622896614981e-001
 9.95335001286675e-001
 8.02998945726693e-001
 1.93129775574759e-001
-5.19725309697608e-001
-9.60945798003941e-001
-8.93136904653003e-001
-3.46885800857657e-001
 3.88422853643619e-001
 9.14902544596081e-001
 9.41406156531221e-001
 4.47533493386307e-001
-2.95614760523038e-001
-8.74132749906009e-001
-9.67449674118867e-001
-5.24823755258249e-001
 2.07858432098838e-001
 8.25298495646724e-001
 9.87110032508935e-001
 6.05031528068857e-001
-1.09688579774137e-001
-7.63738994230301e-001
-9.98380045470194e-001
-6.85845642744719e-001
 1.80512411004584e-003
 6.88083192343338e-001
 9.98463472075287e-001
 7.64493834886834e-001
 1.14546050687456e-001
-5.97305028517605e-001
-9.84508819671276e-001
-8.37749041974695e-001
-2.37479600640948e-001
 4.90873439206761e-001
 9.53740286779733e-001
 9.01971216298205e-001
 3.64395928062374e-001
-3.68911702221146e-001
-9.03623278932374e-001
-9.53192554600420e-001
-4.91936358069383e-001
 2.32357074378216e-001
 8.32062547509993e-001
 9.87252849541270e-001
 6.15980835281742e-001
-8.31083909537231e-002
-7.37627254558499e-001
-9.99989371640236e-001
-7.31701149231121e-001
-7.58538984314381e-002
 6.19792776578600e-001
 9.87482121725965e-001
 8.33681963624299e-001
 2.40393483813266e-001
-4.79184049365493e-001
-9.46350373083608e-001
-9.16119631820807e-001
-4.05209682189114e-001
 3.17800100831784e-001
 8.74090209307664e-001
 9.73104614071357e-001
 5.63914773504476e-001
-1.39194663083639e-001
-7.69435506830504e-001
-9.98987073183497e-001
-7.09215345488206e-001
-5.14158976087317e-002
 6.32716989027058e-001
 9.88816906981156e-001
 8.33211194380671e-001
 2.47147814307887e-001
-4.66186325852531e-001
-9.38839338135948e-001
-9.27817672629153e-001
-4.39577696028567e-001
 2.74265755826398e-001
 8.48020078632285e-001
 9.83986511791299e-001
 6.05586182347779e-001
-9.37671393986833e-002
-7.45707610198305e-001
-9.99763784225240e-001
-7.13812763421003e-001
-3.76450281611125e-002
 6.61408306082353e-001
 9.96410795348935e-001
 7.76616248400648e-001
 1.19886912928519e-001
-6.06504779546665e-001
-9.89552244272935e-001
-8.06672771706556e-001
-1.58459929128054e-001
 5.83074220638014e-001
 9.86497940712519e-001
 8.13148106319914e-001
 1.61211317084020e-001
-5.87047035471400e-001
-9.88391459208298e-001
-8.02252312833897e-001
-1.37145627960353e-001
 6.10707732476870e-001
 9.92995753128617e-001
 7.79019078947140e-001
 9.62970254747631e-002
-6.44643923951332e-001
-9.97331876793020e-001
-7.49100201670731e-001
-4.97200676747763e-002
 6.79323409996842e-001
 9.99609683955194e-001
 7.19769883295108e-001
 9.13630970108345e-003
-7.06177317615826e-001
-9.99986395519548e-001
-6.99803649614139e-001
 1.36891997530611e-002
 7.17833021706916e-001
 9.99889022274967e-001
 6.98312948746668e-001
-7.51240271901446e-003
-7.07247812359384e-001
-9.99952672896073e-001
-7.22779755589215e-001
-3.79975486686924e-002
 6.65952731062098e-001
 9.96927635612456e-001
 7.76357546904638e-001
 1.31536990336673e-001
-5.82279869349960e-001
-9.80183247528123e-001
-8.54215092661601e-001
-2.77929235481612e-001
 4.41188516126119e-001
 9.28953693351607e-001
 9.38867497829696e-001
 4.72959855445595e-001
-2.27958962629675e-001
-8.12558296316414e-001
-9.95754801033663e-001
-6.94907007027654e-001
-6.01502306092236e-002
 6.03262251695705e-001
 9.76811772555523e-001
 8.81700885880709e-001
 3.64105195242674e-001
-3.27621206172153e-001
-8.62361685992176e-001
-9.84739261434044e-001
-6.36833879325632e-001
 1.47780986980055e-002
 6.59100536197376e-001
 9.89266252256045e-001
 8.48549514398042e-001
 3.04435826280651e-001
-3.84098448121363e-001
-8.90068393629997e-001
-9.73745907563308e-001
-5.95994728409372e-001
 6.37850052059453e-002
 6.93151753959676e-001
 9.94676896460153e-001
 8.26358624749458e-001
 2.68179245867011e-001
-4.16236769092675e-001
-9.04329457664384e-001
-9.66591985403103e-001
-5.74242880781193e-001
 8.78141339844310e-002
 7.08406048400194e-001
 9.96428250357873e-001
 8.17248475031452e-001
 2.55333240322840e-001
-4.25888672936581e-001
-9.07708279904347e-001
-9.65210225797042e-001
-5.72028957557908e-001
 8.78912048005784e-002
 7.06613906564234e-001
 9.95981207025799e-001
 8.21678485543584e-001
 2.65287875346503e-001
-4.14200331804771e-001
-9.01122250158647e-001
-9.69756961633961e-001
-5.88742071244826e-001
 6.49078670834407e-002
 6.88293387575569e-001
 9.93074784349699e-001
 8.38714455754339e-001
 2.97006164825964e-001
-3.81608898229243e-001
-8.84004017055396e-001
-9.78832868250555e-001
-6.22858306528374e-001
 1.96296449517663e-002
 6.52885752918135e-001
 9.85935385872561e-001
 8.66166791657975e-001
 3.49006808956882e-001
-3.28011514104541e-001
-8.54531123793779e-001
-9.89643813513831e-001
-6.71936010964515e-001
-4.71243380871292e-002
 5.97507417151058e-001
 9.69672230159509e-001
 9.07892222641410e-001
 4.46406359450817e-001
-2.07261979976428e-001
-7.68424334015921e-001
-9.99529062758263e-001
-8.08482173468562e-001
-2.81534009260904e-001
 3.58925998984535e-001
 8.50031004797271e-001
 9.95890898166686e-001
 7.43348629319779e-001
 1.97979062729910e-001
-4.22593591142789e-001
-8.76653614966558e-001
-9.91856401662736e-001
-7.28565423288416e-001
-1.90822479474229e-001
 4.16629961011042e-001
 8.66991286731311e-001
 9.95438179486820e-001
 7.57869609895748e-001
 2.44196430418920e-001
-3.56930632229081e-001
-8.27783623321516e-001
-9.99913053606393e-001
-8.13368924524724e-001
-3.36498868767143e-001
 2.59732207448434e-001
 7.63095510981503e-001
 9.95224002781481e-001
 8.74236046115023e-001
 4.43220501819491e-001
-1.45117973563715e-001
-6.82213830128208e-001
-9.77117303889908e-001
-9.24134361886777e-001
-5.40905263913104e-001
 3.67859639755003e-002
 6.02262604936958e-001
 9.51252505952966e-001
 9.55636451344435e-001
 6.11199105991376e-001
 4.14362361247791e-002
-5.45276991686501e-001
-9.30975335229424e-001
-9.69168079760669e-001
-6.41675869739879e-001
-6.88824049527540e-002
 5.32476169859135e-001
 9.30147555618184e-001
 9.66326164132557e-001
 6.21988328347815e-001
 2.88754925974355e-002
-5.78375436930193e-001
-9.53800780946273e-001
-9.40359056969813e-001
-5.37947535819336e-001
 9.10255001112408e-002
 6.84424088269363e-001
 9.88654392852161e-001
 8.68320170020936e-001
 3.69485995700161e-001
-2.92257977929286e-001
-8.25694214104373e-001
-9.97167607871324e-001
-7.31870929817491e-001
-1.46282468919807e-001
 5.03158257979102e-001
 9.32441966004277e-001
 9.54150681134580e-001
 5.59127470451152e-001
-7.98654061354359e-002
-6.83861385679900e-001
-9.89526929859723e-001
-8.63889638999164e-001
-3.62009650047009e-001
 2.97340883494695e-001
 8.27166499384523e-001
 9.97173649067351e-001
 7.33753376375999e-001
 1.51665461780542e-001
-4.96131420357506e-001
-9.28496012478200e-001
-9.58082210429280e-001
-5.72373189697181e-001
 6.12148232403671e-002
 6.68150143538003e-001
 9.85788245523580e-001
 8.76954701677405e-001
 3.89021441849891e-001
-2.66893989938832e-001
-8.07396252873939e-001
-9.99266415116925e-001
-7.59987181731975e-001
-1.93055879366818e-001
 4.56950109649858e-001
 9.09975192524499e-001
 9.71120997612102e-001
 6.14363605393117e-001
-6.55021620461590e-003
-6.24509643656515e-001
-9.74003826996521e-001
-9.05140055921042e-001
-4.47780297625788e-001
 2.01581448946401e-001
 7.64362502595160e-001
 9.99427558333643e-001
 8.06317972483064e-001
 2.68021681980095e-001
-3.84854748717694e-001
-8.72974872719191e-001
-9.87775883980792e-001
-6.80467895493478e-001
-8.26005900145414e-002
 5.50398611972054e-001
 9.48418249782107e-001
 9.41880892379655e-001
 5.33857677313119e-001
-1.01530018642663e-001
-6.93545557222468e-001
-9.90234006826002e-001
-8.65580153009922e-001
-3.72883627380405e-001
 2.78192507655560e-001
 8.10949266117436e-001
 9.99252344113637e-001
 7.62198367442402e-001
 1.96380509055145e-001
-4.57314898882808e-001
-9.13249944832318e-001
-9.66348685777933e-001
-5.87011831107185e-001
 5.93332956882178e-002
 6.81272373608256e-001
 9.91840598987761e-001
 8.42498657305969e-001
 2.97435846987073e-001
-3.90318438007163e-001
-8.94336448024879e-001
-9.70138193351043e-001
-5.76295537486349e-001
 9.98993973303630e-002
 7.28984163641951e-001
 9.99394273747207e-001
 7.73415178237879e-001
 1.60032395616100e-001
-5.35168688783865e-001
-9.61366702767610e-001
-9.00459659384672e-001
-3.80672193733598e-001
 3.34494596048733e-001
 8.79008013140122e-001
 9.72133302716775e-001
 5.64439434630442e-001
-1.34826396848348e-001
-7.64734115649912e-001
-9.99372192935959e-001
-7.17165671610801e-001
-6.42060657574903e-002
 6.21678686954974e-001
 9.86368186014502e-001
 8.42660716116476e-001
 2.65964450359962e-001
-4.46385446729402e-001
-9.29625015507312e-001
-9.38740439137190e-001
-4.71789216814916e-001
 2.32401412149253e-001
 8.18314209783722e-001
 9.94010753086159e-001
 6.75562358714134e-001
 2.45655535140059e-002
-6.36564763103114e-001
-9.85778226235261e-001
-8.57593026630892e-001
-3.18789564002968e-001
 3.69608441169479e-001
 8.81218428669305e-001
 9.79227044921593e-001
 6.23700711301125e-001
-1.61851371858503e-002
-6.45948435419602e-001
-9.82732915184527e-001
-8.81101483318548e-001
-3.92408912674006e-001
 2.64671645662139e-001
 8.04664780573016e-001
 9.99617360552662e-001
 7.73091862637566e-001
 2.26228602170583e-001
-4.12545902969419e-001
-8.81270920067136e-001
-9.87084766529491e-001
-6.86681508104005e-001
-1.03890241289234e-001
 5.21496910430570e-001
 9.32449018696969e-001
 9.60302616385703e-001
 5.93873031876303e-001
-1.62019533028854e-002
-6.19507791101352e-001
-9.68683904600310e-001
-9.20794922924938e-001
-4.95719511936279e-001
 1.32244635964029e-001
 7.05958178449586e-001
 9.90761678779483e-001
 8.70391524269096e-001
 3.94311479398944e-001
-2.42755454431428e-001
-7.80568153124031e-001
-9.99687316211355e-001
-8.10933241059888e-001
-2.91544734748904e-001
 3.46565628927633e-001
 8.43357217768606e-001
 9.96628238841937e-001
 7.44223941910162e-001
 1.89100403808653e-001
-4.42804697128525e-001
-8.94601444059833e-001
-9.82862583884604e-001
-6.71991625204389e-001
-8.84344305907537e-002
 5.30879319796882e-001
 9.34790493696964e-001
 9.59732980550036e-001
 5.95858144753008e-001
-9.22484456058890e-003
-6.10447875585842e-001
-9.64585887514914e-001
-9.28606302741761e-001
-5.17316987100135e-001
 1.02872381917711e-001
 6.81392377625115e-001
 9.84781586939026e-001
 8.90839574782810e-001
 4.37718356519924e-001
-1.91716731544507e-001
-7.43789033180167e-001
-9.96267667730980e-001
-8.47751970858839e-001
-3.58260730695222e-001
 2.75166149706750e-001
 7.97878552347424e-001
 9.99997612453973e-001
 8.00602663543869e-001
 2.79988006310365e-001
-3.52811668138296e-001
-8.44037101290923e-001
-9.96959527931097e-001
-7.50574138107283e-001
-2.03791350064124e-001
 4.24408115121128e-001
 8.81858025318334e-001
 9.89284041174453e-001
 7.10821038623692e-001
 1.60275595284531e-001
-4.48286420109362e-001
-8.85155145065297e-001
-9.91005645210647e-001
-7.32585187259194e-001
-2.09745505567112e-001
 3.85633082153943e-001
 8.41252930905989e-001
 9.99576969293438e-001
 8.10342270584030e-001
 3.43811727576620e-001
-2.37405829534099e-001
-7.36165737216870e-001
-9.87455258846560e-001
-9.11627111563729e-001
-5.37664527926605e-001
 9.46934025463675e-003
 5.51639431863501e-001
 9.15628631949403e-001
 9.87692164582537e-001
 7.47805552153034e-001
 2.73839512124148e-001
-2.84547905032194e-001
-7.53374264263570e-001
-9.88154667510150e-001
-9.17692696833761e-001
-5.64917086194799e-001
-3.89708574979053e-002
 4.98621245728434e-001
 8.83282016097588e-001
 9.97348588121651e-001
 8.05757036781293e-001
 3.66803324123121e-001
-1.85292040341234e-001
-6.80940926641639e-001
-9.66862541626945e-001
-9.53386030473945e-001
-6.42926823555455e-001
-1.30553673567161e-001
 4.24181895138152e-001
 8.46195496323794e-001
 9.99943057129097e-001
 8.33489208369766e-001
 3.97184549986917e-001
-1.70023007117956e-001
-6.83568843034029e-001
-9.72804262777602e-001
-9.38205499464627e-001
-5.87056739111020e-001
-3.44655566913905e-002
 5.32480611260248e-001
 9.17072551872068e-001
 9.81575981908506e-001
 6.98187882547141e-001
 1.63083175504971e-001
-4.33759053468337e-001
-8.74600867619851e-001
-9.93590329219171e-001
-7.40959959816205e-001
-2.06420285232596e-001
 4.09814560698731e-001
 8.69461126553171e-001
 9.93397665768491e-001
 7.34113542103124e-001
 1.91901635757688e-001
-4.24093230217160e-001
-8.76632591376762e-001
-9.91732446342703e-001
-7.25435090292220e-001
-1.80424412616257e-001
 4.33727691744431e-001
 8.81232803629320e-001
 9.90589194149539e-001
 7.20186822495382e-001
 1.73964591078205e-001
-4.38702769943133e-001
-8.83346334269509e-001
-9.90111436006698e-001
-7.18518840789884e-001
-1.72634159621704e-001
 4.38969286642874e-001
 8.82989084953452e-001
 9.90365645751645e-001
 7.20525927967729e-001
 1.76533734674802e-001
-4.34439991750236e-001
-8.80103088595803e-001
-9.91336455018740e-001
-7.26244530955642e-001
-1.85752163565709e-001
 4.24987205029677e-001
 8.74552002606660e-001
 9.92921214478603e-001
 7.35647936865974e-001
 2.00363804792700e-001
-4.10442424593240e-001
-8.66117438812617e-001
-9.94923885652947e-001
-7.48639455258770e-001
-2.20423183345658e-001
 3.90598228531089e-001
 8.54496374210649e-001
 9.97048337317082e-001
 7.65043471801132e-001
 2.45956705453952e-001
-3.65212874271507e-001
-8.39300005189828e-001
-9.98891238053453e-001
-7.84594311340565e-001
-2.76951115011461e-001
 3.34018081932400e-001
 8.20054544661364e-001
 9.99934882116640e-001
 8.06922950062734e-001
 3.13338391370698e-001
-2.96730567031792e-001
-7.96204615265454e-001
-9.99540463620070e-001
-8.31541755678779e-001
-3.54976835799504e-001
 2.53067955729493e-001
 7.67120058914038e-001
 9.96942527537273e-001
 8.57827621207230e-001
 4.01628184810612e-001
-2.04622183522351e-001
-7.37238555567245e-001
-9.93346938047507e-001
-8.70550732226870e-001
-4.10475141413070e-001
 2.12157045320921e-001
 7.53848185704122e-001
 9.97301713953672e-001
 8.40183540243887e-001
 3.40841412367433e-001
-3.00360555043555e-001
-8.19726282460622e-001
-9.98805689200453e-001
-7.58106606483843e-001
-1.94978645829778e-001
 4.53302581707188e-001
 9.08455507679201e-001
 9.71301519585953e-001
 6.10855325035192e-001
-1.83404018543747e-002
-6.40884245251438e-001
-9.80820233824758e-001
-8.84995688659248e-001
-3.93710379964152e-001
 2.74743716382586e-001
 8.20510629941325e-001
 9.97090310307900e-001
 7.23639983578798e-001
 1.22866671216045e-001
-5.33704019756366e-001
-9.48735207363617e-001
-9.34285849020754e-001
-4.97235065910007e-001
 1.64208299600506e-001
 7.51053355098502e-001
 9.99304849629665e-001
 7.98781650882748e-001
 2.41261497929965e-001
-4.22806507066194e-001
-8.97986354805856e-001
-9.75622011328630e-001
-6.24564686664339e-001
-1.69699560680896e-003
 6.20147281941281e-001
 9.72828660027093e-001
 9.08124979547181e-001
 4.58079813527090e-001
-1.83224619724603e-001
-7.45562587732091e-001
-9.97157221169423e-001
-8.39008309676883e-001
-3.41068565283511e-001
 2.91590322119308e-001
 8.05351594561287e-001
 9.99997590005627e-001
 8.04966032601525e-001
 3.01678744354226e-001
-3.13452639257249e-001
-8.07653161622730e-001
-9.99911598971370e-001
-8.25333719585126e-001
-3.53737680158435e-001
 2.41168040429231e-001
 7.47700329473514e-001
 9.91894869856120e-001
 8.91088093204960e-001
 4.80835485283360e-001
-9.60377420589103e-002
-6.39341380711487e-001
-9.61044712848641e-001
-9.50256932680473e-001
-6.11240151547887e-001
-6.14981928703227e-002
 5.09159101451798e-001
 9.04243792720901e-001
 9.88187007079870e-001
 7.32669811777641e-001
 2.25919482497022e-001
-3.57986452500444e-001
-8.19050488040034e-001
-9.99842400507162e-001
-8.39095861425522e-001
-3.92222017730237e-001
 1.88041172327553e-001
 7.04003718126354e-001
 9.80405300046700e-001
 9.23826733518561e-001
 5.54032463762352e-001
-3.19131090891443e-003
-5.59028813329752e-001
-9.25694058351514e-001
-9.79797428863440e-001
-7.03662720224143e-001
-1.90830026409089e-001
 3.85866964363567e-001
 8.32676836295188e-001
 9.99999862236540e-001
 8.32306484522540e-001
 3.86305693077253e-001
-1.88490867857566e-001
-7.00064172438951e-001
-9.78065389470451e-001
-9.30415826455200e-001
-5.73565269763613e-001
-2.65468400762353e-002
 5.28945505673996e-001
 9.08996149980786e-001
 9.88289760392617e-001
 7.41225232315850e-001
 2.49902164208012e-001
-3.23411997300592e-001
-7.90019829755173e-001
-9.96892765130228e-001
-8.76697482492007e-001
-4.69449254254059e-001
 9.10824105415474e-002
 6.21512766624543e-001
 9.48896817548151e-001
 9.67014615261045e-001
 6.70602677065388e-001
 1.56576733316539e-001
-4.07899945204772e-001
-8.39904217478403e-001
-9.99995966899867e-001
-8.37040965330187e-001
-4.04266158382737e-001
 1.58400332036384e-001
 6.69760229312091e-001
 9.65244263570431e-001
 9.54189762252213e-001
 6.46407137307362e-001
 1.42486961555752e-001
-4.01145981129434e-001
-8.21704949619488e-001
-9.98269649423745e-001
-8.84805698036821e-001
-5.19669739423446e-001
-1.07213461648676e-002
 4.97949998330970e-001
 8.67169252983478e-001
 9.99994390984960e-001
 8.65569615197460e-001
 5.04246767290289e-001
 1.39954703160562e-002
-4.77124867416975e-001
-8.44564745742298e-001
-9.98228080646591e-001
-9.03364579835165e-001
-5.86991709327017e-001
-1.29179288787875e-001
 3.57882226824321e-001
 7.57481414922317e-001
 9.75935294988867e-001
 9.63785959584888e-001
 7.26119665454239e-001
 3.20134658124887e-001
-1.59018054229860e-001
-6.00576910716539e-001
-9.03510019351498e-001
-9.99196651826446e-001
-8.66530799962291e-001
-5.36273885343025e-001
-8.38493333621914e-002
 3.87739840758548e-001
 7.71085057229184e-001
 9.78555295121759e-001
 9.62177931752067e-001
 7.24796488768416e-001
 3.19924437387389e-001
-1.59859490175607e-001
-6.03608255993140e-001
-9.07343946911444e-001
-9.98397719670871e-001
-8.53128157050971e-001
-5.03671128092749e-001
-3.17082410405751e-002
 4.49824371901497e-001
 8.23259759992584e-001
 9.94933292346166e-001
 9.19196101998271e-001
 6.11495601081410e-001
 1.46621469590546e-001
-3.58301160480779e-001
-7.72602901016260e-001
-9.85849904614375e-001
-9.37981146798523e-001
-6.37478410910622e-001
-1.61841417973996e-001
 3.60936727357438e-001
 7.85989011329173e-001
 9.91785214957678e-001
 9.15842060590818e-001
 5.76796581589899e-001
 7.24978443303605e-002
-4.52100287684764e-001
-8.46957591371036e-001
-9.99799879659328e-001
-8.67828783242622e-001
-4.89396206469404e-001
 2.74469774822886e-002
 5.36028180380457e-001
 8.92755684062050e-001
 9.97568368956471e-001
 8.21765153060986e-001
 4.15543334609917e-001
-1.06634905803661e-001
-5.98502320977750e-001
-9.23011291937534e-001
-9.90403149746373e-001
-7.82780982675525e-001
-3.58532200124897e-001
 1.64385795050114e-001
 6.41434557104025e-001
 9.41480825133021e-001
 9.82709719181179e-001
 7.54667774363794e-001
 3.20572877089568e-001
-2.00500823989050e-001
-6.66467226002754e-001
-9.50994542345233e-001
-9.77612058745058e-001
-7.39990214338335e-001
-3.03092857449158e-001
 2.14870484604514e-001
 6.74604722982963e-001
 9.53206534129836e-001
 9.76872615577460e-001
 7.40175797378229e-001
 3.06951335352196e-001
-2.07206239594476e-001
-6.65963903556440e-001
-9.48418721723381e-001
-9.80815498345849e-001
-7.55533101834379e-001
-3.32527287040715e-001
 1.76915993888303e-001
 6.39642317273924e-001
 9.35459777502755e-001
 9.88222399049980e-001
 7.85164754685210e-001
 3.79650879797341e-001
-1.23145678550063e-001
-5.93716295135647e-001
-9.11620593970392e-001
-9.96193402449531e-001
-8.26758991294005e-001
-4.47355110918949e-001
 4.50153941268119e-002
 5.25399947972434e-001
 8.72675615153378e-001
 9.99994362742049e-001
 8.76267378582795e-001
 5.33435806685262e-001
 5.79164679999951e-002
-4.31417221105815e-001
-8.13052504159485e-001
-9.93173074062327e-001
-9.24656651430256e-001
-6.20588993331144e-001
-1.55189995664641e-001
 3.53073681351811e-001
 7.71048171401821e-001
 9.85958853128064e-001
 9.36737399141608e-001
 6.32699643060110e-001
 1.53571306558040e-001
-3.70254282380407e-001
-7.92723617505234e-001
-9.93147475807359e-001
-9.11628645832391e-001
-5.68217225818472e-001
-5.93460338858586e-002
 4.68427841519732e-001
 8.60474072044269e-001
 9.99876028060836e-001
 8.43196306936829e-001
 4.34966948463653e-001
-1.04200105014642e-001
-6.12965227353438e-001
-9.37746935538175e-001
-9.79616508898489e-001
-7.25023849819924e-001
-2.50564169700855e-001
 3.00000451080569e-001
 7.59546385791352e-001
 9.88699542913398e-001
 9.18384286706323e-001
 5.70631979286589e-001
 5.13327028521294e-002
-4.82576371599292e-001
-8.71073808172365e-001
-9.99238310563650e-001
-8.30970399031555e-001
-4.18371185642077e-001
 1.15392761723742e-001
 6.13808837183978e-001
 9.33427360428885e-001
 9.84968670991992e-001
 7.57343590419773e-001
 3.18394811294116e-001
-2.06745529898270e-001
-6.72409522867930e-001
-9.53139982106189e-001
-9.76916146575550e-001
-7.42226948033372e-001
-3.15413444170907e-001
 1.89690525405476e-001
 6.43233112671116e-001
 9.32977133857124e-001
 9.91353139995390e-001
 8.09661543821474e-001
 4.36963191251342e-001
-3.47856359580539e-002
-4.94615431358812e-001
-8.39041001618108e-001
-9.94835211100364e-001
-9.33281642198003e-001
-6.73562490895347e-001
-2.75607329932161e-001
 1.75023058975616e-001
